'{"BACK": [[3,1,3],[3,1,3],[2,1,5]],"DOWN": [[4,3,1],[4,4,1],[1,4,2]],"FRONT": [[3,0,4],[5,0,0],[4,2,2]],"LEFT": [[4,4,1],[0,3,1],[1,2,5]],"RIGHT": [[2,5,5],[2,2,4],[0,3,5]],"UP": [[0,5,0],[2,5,5],[0,0,3]]}'
A
[0]([None]3b607235dbfa8a63ec664280d84c56af,c=0,p=0,h=4.64,v=4.64)
[7]([D0]15510725f69ac2abd72bfd7955f53b20,c=1,p=1,h=4.22,v=5.22)
[23]([b1]8d43ad2830ce202e91f910045c135817,c=2,p=2,h=3.40,v=5.40)
[93]([B2]59ccd17008d25308b222ba747762f7a9,c=3,p=3,h=3.58,v=6.58)
[2213]([l1]04115f24217e15d8a1c968f41f575978,c=4,p=4,h=2.84,v=6.84)
[4381]([D0]85955eabfe96c2423f3704c825063957,c=5,p=5,h=1.42,v=6.42)
[4398]([b2]ffe2a82bd4117b6f1a38ee8ab383c3f0,c=6,p=6,h=0.00,v=6.00)

'{"BACK": [[3,1,3,3],[5,5,5,3],[3,1,3,3],[1,1,4,4]],"DOWN": [[5,5,1,1],[5,2,2,2],[5,0,1,1],[5,2,1,1]],"FRONT": [[0,4,5,5],[2,3,2,2],[4,4,4,2],[2,3,2,2]],"LEFT": [[4,3,4,2],[4,3,4,2],[4,2,4,2],[1,3,1,2]],"RIGHT": [[3,5,0,5],[1,5,0,5],[3,5,3,5],[3,0,0,0]],"UP": [[0,0,4,0],[0,0,1,0],[0,0,1,0],[4,4,1,4]]}'

A
[0]([None]8b979e5a0ca3fc8ea0add8c8bb975cb4,c=0,p=0,h=4.17,v=4.17)
[11]([D2]92d2a3fdc6acbdaf452e3a328c3a9a32,c=1,p=1,h=3.82,v=4.82)
[70]([l1]58d7bac51504285b2f3e047496e25655,c=2,p=2,h=3.36,v=5.36)
[373]([d0]4e8fa755a9f3098a6800ad3ec40e5658,c=3,p=3,h=2.51,v=5.51)
[556]([B3]b18ae5223c2346b0f52414b061e7ff63,c=4,p=4,h=1.26,v=5.26)
[598]([l1]f8ef6e58d32c63a098a2501d871229b1,c=5,p=5,h=0.00,v=5.00)

'{"BACK": [[4,4,3,3,3],[2,2,3,3,3],[2,5,5,5,5],[2,2,3,3,3],[2,2,5,5,5]],"DOWN": [[0,0,1,1,1],[0,0,1,1,1],[5,0,1,1,1],[0,0,1,1,1],[0,0,1,1,1]],"FRONT": [[3,3,4,4,4],[3,3,2,2,2],[3,4,4,4,4],[3,3,2,2,2],[5,5,2,2,2]],"LEFT": [[3,4,4,4,4],[3,4,4,4,4],[3,3,3,2,0],[3,4,4,4,4],[3,4,4,4,4]],"RIGHT": [[2,5,2,5,5],[2,5,2,5,5],[2,5,2,5,5],[2,5,3,5,5],[2,5,1,5,5]],"UP": [[0,0,0,1,1],[0,0,0,1,1],[0,0,0,1,3],[0,0,0,1,1],[0,0,0,1,1]]}'
A
[0]([None]56463e70a5621dc3a39a10d7c3b73330,c=0,p=0,h=3.35,v=3.35)
[21]([L0]6299b597c7574836c590b162b9b72c95,c=1,p=1,h=3.78,v=4.78)
[373]([D2]9a7c1bcd1da78b1fbe4c4eab74362ab0,c=2,p=2,h=3.24,v=5.24)
[981]([L0]0077a6621d00bab458190d054117347b,c=3,p=3,h=2.23,v=5.23)
[1012]([L1]e679d1919e06634ac1adae1313ae3a9c,c=4,p=4,h=2.23,v=6.23)
[9082]([L1]3d06145701469aa341abb36cfe330e68,c=5,p=5,h=1.12,v=6.12)
[9101]([D0]66043fbbf465528402b742f8ecf50d37,c=6,p=6,h=0.00,v=6.00)

'{"BACK": [[3,3,3,0,3,0],[4,4,4,0,4,4],[3,3,3,0,3,0],[3,3,3,5,3,0],[1,2,1,0,2,2],[3,3,3,0,3,0]],"DOWN": [[1,1,1,3,1,3],[1,1,1,4,1,3],[4,2,4,3,3,4],[1,1,1,3,1,3],[1,1,1,2,1,3],[1,1,1,3,1,3]],"FRONT": [[2,2,2,1,2,1],[0,3,0,1,3,3],[2,2,2,4,2,1],[2,2,2,1,2,1],[5,5,5,1,5,5],[2,2,2,1,2,1]],"LEFT": [[4,2,4,4,5,4],[4,2,4,4,5,4],[2,0,0,0,5,0],[4,2,4,4,5,4],[4,2,4,4,5,4],[4,1,4,4,5,4]],"RIGHT": [[5,4,5,5,3,5],[5,4,5,5,3,5],[1,4,1,1,1,3],[5,4,5,5,3,5],[5,4,5,5,3,5],[5,4,5,5,0,5]],"UP": [[2,0,2,0,0,0],[2,0,5,0,0,0],[5,2,2,5,3,5],[2,0,2,0,0,0],[2,0,3,0,0,0],[2,0,2,0,0,0]]}'
A
[0]([None]903f94260cdae54ad45dba7f0ea76b83,c=0,p=0,h=4.22,v=4.22)
[28]([L3]767cc09f52166f1b54711e013c0c9e22,c=1,p=1,h=3.81,v=4.81)
[122]([D1]c0dbb12a34eb70a32646d608d024a74d,c=2,p=2,h=3.69,v=5.69)
[2349]([b2]d0202c594c198d6bd4ae4de0fdc670bd,c=3,p=3,h=2.94,v=5.94)
[4442]([D1]2921a959565f7966247eaf0ce7208680,c=4,p=4,h=2.01,v=6.01)
[5279]([d4]ab2b2b970115e72eec9084637040d60b,c=5,p=5,h=1.01,v=6.01)
[5322]([L5]4bacd55d63334d19d773fbad964f9403,c=6,p=6,h=0.00,v=6.00)

